.Random.seed <-
c(403L, 50L, 117041388L, 1679172162L, -1328437859L, -1512259561L, 
-700680834L, 1470417720L, 739865627L, -671568519L, 1503017928L, 
1908353014L, 1544546865L, -728466333L, -286784462L, 47759748L, 
-1670666297L, -242144611L, -1287300588L, 2095831226L, 1922180357L, 
-381882657L, 689189734L, 39785200L, -1822166509L, -91481167L, 
1772914272L, -1691646978L, 1783176073L, 545795259L, 1787021450L, 
-616768660L, -944062225L, -2114417883L, 205927900L, -823675982L, 
-763438419L, -931835289L, -2006961778L, 1518761576L, 673587819L, 
712293385L, -1056439656L, 1446835654L, 267785505L, 1408210355L, 
1479418146L, -1114449132L, -2090589289L, -691106931L, 205592228L, 
-1935206262L, 987340533L, -749338289L, 1632562774L, 1691317504L, 
-1842737085L, -481082399L, 26098512L, -1241592402L, 398721881L, 
-214881941L, -1824034598L, -1515013732L, -1557314145L, 1009874933L, 
-1312688500L, 897196898L, 119311165L, -2037310537L, 189583454L, 
881364376L, 180033787L, 2060051609L, -546560728L, -906583082L, 
-516663215L, 1521842947L, 1623267986L, 241043492L, 107714279L, 
-1879405763L, 1423758260L, 1957388314L, 2019926885L, 2101304831L, 
-1645227898L, -1824760816L, 443350707L, 301894993L, 301516032L, 
-1594069026L, -1814500311L, 2103462875L, -1068715798L, -1687331188L, 
723870159L, -1683393147L, -1213493700L, -1001684206L, 1025335309L, 
1502528327L, 1836316974L, 1311322248L, 1041913227L, 2060209513L, 
1365163832L, -51699226L, 457323905L, 553117971L, 1947510466L, 
-153304716L, 524163447L, -442586515L, -2139593468L, -289931222L, 
-897884779L, 1277207087L, 1654370102L, -1164071072L, -101083741L, 
1586699969L, -876767568L, -1756950066L, -954383047L, 743774539L, 
263121658L, -278606852L, -1042125761L, -358075115L, 241671724L, 
92480258L, 382427101L, 312007383L, 143119806L, 392900600L, 2126703579L, 
229705273L, -889639032L, -2033684682L, -51008143L, -784676957L, 
-1146319118L, -111946172L, 1467832583L, -418316067L, -458668588L, 
-707815174L, -1029144507L, 212887711L, -318492122L, 1730905776L, 
-175445165L, 2042824305L, 416721824L, 1321024318L, 2055111241L, 
-934316293L, -761231670L, 1985493036L, 1041817647L, 1819680997L, 
1298450844L, 622965746L, -711365011L, 1594612647L, 968697294L, 
-1108176088L, -1117177557L, 23626569L, 131983448L, 1637420294L, 
-1159870239L, 268378227L, -1251525406L, 1864658004L, 513134935L, 
1741140301L, -1064499996L, 1082202314L, -1901595339L, -483501169L, 
-675274602L, 622313536L, -415930109L, 1422542113L, 154551824L, 
573912558L, -1398773351L, 1961895467L, -2032324838L, 1101854172L, 
-785097761L, -123196491L, 488052044L, -1791614046L, 240421629L, 
1356559351L, 856739102L, 350384088L, -1331502789L, 995456729L, 
359295592L, 247528342L, 1237540625L, -1851193149L, 1527240914L, 
1578851684L, -1964777305L, -1241975299L, 528590836L, -2099400486L, 
884261413L, 891739967L, 966110406L, -465804976L, -898387597L, 
701053841L, 361196992L, 790636446L, 1085110633L, -880371301L, 
-273650518L, 1565866700L, 878723983L, 1976678341L, -1742488708L, 
-749370414L, -1499507891L, -1361629872L, 557034604L, 1017128340L, 
-1350483886L, 1134362080L, 1920275660L, -462258528L, -531664510L, 
-772720408L, 657046252L, -591968964L, -1209151374L, 903615088L, 
125577764L, 365221944L, -1701369574L, 1875395792L, 1595181372L, 
-1216052332L, -2001422462L, -804598848L, 1503700540L, 1456824720L, 
-1243178974L, -198646520L, -1005135732L, -1904693476L, 279090322L, 
-2043415168L, -353488876L, 434231080L, -982972870L, -1936125488L, 
-136062612L, 1201845172L, -1489851886L, 769419232L, 700664268L, 
-478291744L, 465169442L, 1185338152L, 1235409420L, -551738564L, 
740483058L, -817081616L, -941508028L, 1372155480L, -1474595014L, 
-22147088L, -653442372L, -102378220L, -79962942L, -377369504L, 
385840508L, 735055824L, -941981406L, -613329240L, -719300724L, 
-184838980L, -1588344014L, 1799947840L, -177113932L, 1367057480L, 
1771939258L, 480782864L, 1706867948L, -1163804332L, -1732603118L, 
-1254773344L, 1579547340L, -520586656L, 1163968450L, 1777881896L, 
-1804420692L, 1252494652L, 184056690L, -823542480L, 1396680484L, 
-1283521224L, -1397422374L, -1828438128L, 1780865788L, -742241388L, 
724378690L, 307262720L, -2127071172L, -1534427824L, 342561954L, 
-480187576L, -108503284L, 864526044L, 523071314L, 510539392L, 
-1020798892L, -244112408L, -1543578886L, 1866253648L, -321671380L, 
-867351692L, 2073752466L, -1258184096L, 383760268L, -1369720992L, 
1104917474L, -2131170392L, -2061534004L, -321308164L, 1769154482L, 
-2124106256L, -1777920572L, -2001671848L, -1776280198L, 1332420016L, 
-882871364L, 750436436L, 883068866L, -250359776L, -1176457028L, 
626887248L, 1640568802L, 67518056L, -1964175796L, 440606972L, 
1528850418L, -912751360L, -88616076L, 1379618824L, -1334439494L, 
-1493144112L, 1998992364L, -818197612L, 1586834386L, -589093024L, 
375865676L, -1064464096L, 1851015042L, 1338582760L, -1303209748L, 
1400215100L, -1220906126L, 1312052848L, -1809972188L, -1021984968L, 
-696354662L, 168042192L, -1115939652L, 1646152340L, 796430978L, 
583811264L, 1666872636L, 547911824L, 2103449122L, -1889185272L, 
1452367116L, -511290724L, -416774638L, 633899392L, 982628884L, 
-1675473368L, 1039798586L, -1983431728L, 305725036L, 2034496308L, 
1815024274L, -78363296L, -433472180L, 2049094624L, 1588957090L, 
-1807540312L, 45803404L, 48278204L, 1773376370L, 1877797104L, 
1309131844L, -960821928L, 610951226L, 1322218352L, 2060121148L, 
560233236L, -1831041598L, 2111470816L, 767713148L, 895440592L, 
989260450L, -616840152L, 731001100L, 1330166716L, 423648562L, 
410929088L, 1999975988L, 1136673736L, -1375339334L, -802136176L, 
-2129214996L, -1149430700L, 1690290834L, -1586500832L, 1286384076L, 
345895904L, 27135682L, -297707992L, 1073467052L, -207847748L, 
-2124561934L, -1990004432L, 1322387620L, 1405041336L, -1036175526L, 
-1334882928L, -1055908484L, -963180268L, 1982661954L, -2054270208L, 
-1633139780L, 1110111056L, 322690338L, -60618424L, 669375500L, 
-699984804L, -799177518L, 2055533568L, 1610278740L, -1614423576L, 
1063166970L, 1307730640L, -290304724L, 414598388L, -1676743483L, 
-1326282270L, 670240848L, 1739125113L, 1709213355L, -1270796772L, 
-2063685302L, 921569599L, -1552560247L, -1840640098L, -635593140L, 
830670877L, 1960794535L, -1742717744L, 1369448046L, 1787078939L, 
1389865597L, -2042507158L, -836895480L, 944261553L, -1617199581L, 
-748274908L, 1423977426L, 794687527L, -1654967695L, 1983109302L, 
-670080940L, -350912283L, -1253565201L, 1566904360L, 1736164486L, 
1416507059L, -1692995563L, 546873970L, 947310272L, 1522615081L, 
392196507L, -1661548948L, -340194694L, -732353617L, 1529867961L, 
-868368178L, -1675027940L, -2047725171L, -1208074249L, 2107155200L, 
16013662L, 298162731L, -225110739L, 1720404378L, -1573623976L, 
2104938177L, -547040909L, -1158481260L, 326172450L, 685574711L, 
-680001791L, 766809606L, -1180300220L, 904621429L, 1451839711L, 
578008120L, 655889430L, -1095625693L, 221983717L, -1717160446L, 
-333489040L, 7375385L, -2140937205L, -1498618116L, -143171798L, 
-609775265L, 58050793L, 762679294L, 913761260L, -1764325571L, 
-1862886649L, -802262288L, -419562866L, 1428468923L, -1318231907L, 
-1267946422L, -18155928L, -882607535L, 870934851L, 466731076L, 
-1606511886L, -372065593L, -595625839L, 438601238L, 1263182964L, 
-455123195L, 1707502927L, 879062856L, -1442609434L, 743802899L, 
986951541L, 1453064018L, -357509216L, -1931431287L, -820595013L, 
-1967991540L, -20154214L, -674742769L, -119080359L, 1425626862L, 
-1288223364L, -625498643L, -1745763689L, 1797815648L, -623720130L, 
465023499L, 954050189L, 846973882L, 1127244280L, -800125535L, 
-1748343981L, 1024232052L, 1883294722L, -1818960233L, 1078765665L, 
1552164006L, 980522148L, -1842203307L, -1394115073L, 597767320L, 
735551926L, 901552707L, -122634363L, -2085274590L, -1572458736L, 
-1214928199L, -1909891221L, -1020633508L, -855161974L, -1059333249L, 
1695516361L, 470470494L, 495121420L, 7656413L, 592787175L, 1685042960L, 
-1676466642L, 1213365467L, 1076572605L, 418000682L, 2029852616L, 
